V5.0 37
16 5000000 1 -1 1 0 360 900 1 1 0 -12216 9949 30000 3240
1 0 746 746 40 100
2 0 710 710 40 100
3 0 672 672 40 100
4 0 632 632 40 100
5 0 590 590 40 100
6 0 546 546 40 100
7 0 500 500 40 100
8 0 453 453 40 100
9 0 403 403 40 100
10 0 352 352 40 100
11 0 298 298 40 100
12 0 243 243 40 100
13 0 185 185 40 100
14 0 125 125 40 100
15 0 64 64 40 100
16 0 0 0 40 100
16 5000000 1 -1 1 0 370 900 1 1 0 -12084 9953 30000 3240
1 0 704 704 40 100
2 0 670 670 40 100
3 0 634 634 40 100
4 0 597 597 40 100
5 0 558 558 40 100
6 0 517 517 40 100
7 0 474 474 40 100
8 0 429 429 40 100
9 0 382 382 40 100
10 0 334 334 40 100
11 0 283 283 40 100
12 0 231 231 40 100
13 0 176 176 40 100
14 0 119 119 40 100
15 0 61 61 40 100
16 0 0 0 40 100
16 5000000 1 -1 1 0 380 900 1 1 0 -11952 9959 30000 3240
1 0 662 662 40 100
2 0 630 630 40 100
3 0 597 597 40 100
4 0 563 563 40 100
5 0 526 526 40 100
6 0 488 488 40 100
7 0 448 448 40 100
8 0 406 406 40 100
9 0 362 362 40 100
10 0 316 316 40 100
11 0 268 268 40 100
12 0 218 218 40 100
13 0 167 167 40 100
14 0 113 113 40 100
15 0 58 58 40 100
16 0 0 0 40 100
16 5000000 1 -1 1 0 390 900 1 1 0 -11820 9965 30000 3240
1 0 620 620 40 100
2 0 591 591 40 100
3 0 561 561 40 100
4 0 528 528 40 100
5 0 495 495 40 100
6 0 459 459 40 100
7 0 421 421 40 100
8 0 382 382 40 100
9 0 341 341 40 100
10 0 298 298 40 100
11 0 253 253 40 100
12 0 206 206 40 100
13 0 158 158 40 100
14 0 107 107 40 100
15 0 55 55 40 100
16 0 0 0 40 100
16 5000000 1 -1 1 0 400 900 1 1 0 -11688 9973 30000 3240
1 0 578 578 40 100
2 0 552 552 40 100
3 0 524 524 40 100
4 0 494 494 40 100
5 0 463 463 40 100
6 0 430 430 40 100
7 0 395 395 40 100
8 0 359 359 40 100
9 0 320 320 40 100
10 0 280 280 40 100
11 0 238 238 40 100
12 0 194 194 40 100
13 0 149 149 40 100
14 0 101 101 40 100
15 0 51 51 40 100
16 0 0 0 40 100
16 5000000 1 -1 1 0 410 900 1 1 0 -11556 9982 30000 3240
1 0 537 537 40 100
2 0 513 513 40 100
3 0 488 488 40 100
4 0 461 461 40 100
5 0 432 432 40 100
6 0 401 401 40 100
7 0 369 369 40 100
8 0 335 335 40 100
9 0 300 300 40 100
10 0 263 263 40 100
11 0 223 223 40 100
12 0 182 182 40 100
13 0 140 140 40 100
14 0 95 95 40 100
15 0 48 48 40 100
16 0 0 0 40 100
16 5000000 1 -1 1 0 420 900 1 1 0 -11423 9993 30000 3240
1 0 497 497 40 100
2 0 475 475 40 100
3 0 452 452 40 100
4 0 427 427 40 100
5 0 401 401 40 100
6 0 373 373 40 100
7 0 344 344 40 100
8 0 312 312 40 100
9 0 280 280 40 100
10 0 245 245 40 100
11 0 209 209 40 100
12 0 170 170 40 100
13 0 131 131 40 100
14 0 89 89 40 100
15 0 45 45 40 100
16 0 0 0 40 100
16 5000000 1 -1 1 0 430 900 1 1 0 -11290 10005 30000 3240
1 0 456 456 40 100
2 0 437 437 40 100
3 0 416 416 40 100
4 0 394 394 40 100
5 0 370 370 40 100
6 0 345 345 40 100
7 0 318 318 40 100
8 0 289 289 40 100
9 0 259 259 40 100
10 0 227 227 40 100
11 0 194 194 40 100
12 0 159 159 40 100
13 0 122 122 40 100
14 0 83 83 40 100
15 0 42 42 40 100
16 0 0 0 40 100
16 5000000 1 -1 1 0 440 900 1 1 0 -11157 10018 30000 3240
1 0 416 416 40 100
2 0 399 399 40 100
3 0 381 381 40 100
4 0 361 361 40 100
5 0 340 340 40 100
6 0 317 317 40 100
7 0 292 292 40 100
8 0 266 266 40 100
9 0 239 239 40 100
10 0 210 210 40 100
11 0 179 179 40 100
12 0 147 147 40 100
13 0 113 113 40 100
14 0 77 77 40 100
15 0 39 39 40 100
16 0 0 0 40 100
16 5000000 1 -1 1 0 450 900 1 1 0 -11023 10034 30000 3240
1 0 376 376 40 100
2 0 361 361 40 100
3 0 345 345 40 100
4 0 328 328 40 100
5 0 309 309 40 100
6 0 289 289 40 100
7 0 267 267 40 100
8 0 244 244 40 100
9 0 219 219 40 100
10 0 193 193 40 100
11 0 165 165 40 100
12 0 135 135 40 100
13 0 104 104 40 100
14 0 71 71 40 100
15 0 36 36 40 100
16 0 0 0 40 100
16 5000000 1 -1 1 0 460 900 1 1 0 -10890 10050 30000 3240
1 0 337 337 40 100
2 0 324 324 40 100
3 0 311 311 40 100
4 0 296 296 40 100
5 0 279 279 40 100
6 0 261 261 40 100
7 0 242 242 40 100
8 0 221 221 40 100
9 0 199 199 40 100
10 0 175 175 40 100
11 0 150 150 40 100
12 0 123 123 40 100
13 0 95 95 40 100
14 0 65 65 40 100
15 0 33 33 40 100
16 0 0 0 40 100
16 5000000 1 -1 1 0 470 900 1 1 0 -10756 10067 30000 3240
1 0 298 298 40 100
2 0 288 288 40 100
3 0 276 276 40 100
4 0 263 263 40 100
5 0 249 249 40 100
6 0 234 234 40 100
7 0 217 217 40 100
8 0 199 199 40 100
9 0 179 179 40 100
10 0 158 158 40 100
11 0 136 136 40 100
12 0 112 112 40 100
13 0 86 86 40 100
14 0 59 59 40 100
15 0 30 30 40 100
16 0 0 0 40 100
16 5000000 1 -1 1 0 480 900 1 1 0 -10623 10087 30000 3240
1 0 259 259 40 100
2 0 251 251 40 100
3 0 242 242 40 100
4 0 232 232 40 100
5 0 220 220 40 100
6 0 207 207 40 100
7 0 193 193 40 100
8 0 177 177 40 100
9 0 160 160 40 100
10 0 142 142 40 100
11 0 122 122 40 100
12 0 100 100 40 100
13 0 77 77 40 100
14 0 53 53 40 100
15 0 27 27 40 100
16 0 0 0 40 100
16 5000000 1 -1 1 0 490 900 1 1 0 -10489 10108 30000 3240
1 0 221 221 40 100
2 0 215 215 40 100
3 0 208 208 40 100
4 0 200 200 40 100
5 0 191 191 40 100
6 0 180 180 40 100
7 0 168 168 40 100
8 0 155 155 40 100
9 0 141 141 40 100
10 0 125 125 40 100
11 0 108 108 40 100
12 0 89 89 40 100
13 0 69 69 40 100
14 0 47 47 40 100
15 0 24 24 40 100
16 0 0 0 40 100
16 5000000 1 -1 1 0 500 900 1 1 0 -10356 10129 30000 3240
1 0 184 184 40 100
2 0 180 180 40 100
3 0 175 175 40 100
4 0 169 169 40 100
5 0 162 162 40 100
6 0 154 154 40 100
7 0 144 144 40 100
8 0 133 133 40 100
9 0 121 121 40 100
10 0 108 108 40 100
11 0 94 94 40 100
12 0 78 78 40 100
13 0 60 60 40 100
14 0 42 42 40 100
15 0 22 22 40 100
16 0 0 0 40 100
16 5000000 1 -1 1 0 510 900 1 1 0 -10223 10153 30000 3240
1 0 147 147 40 100
2 0 145 145 40 100
3 0 142 142 40 100
4 0 138 138 40 100
5 0 134 134 40 100
6 0 128 128 40 100
7 0 120 120 40 100
8 0 112 112 40 100
9 0 103 103 40 100
10 0 92 92 40 100
11 0 80 80 40 100
12 0 66 66 40 100
13 0 52 52 40 100
14 0 36 36 40 100
15 0 19 19 40 100
16 0 0 0 40 100
16 5000000 1 -1 1 0 520 900 1 1 0 -10090 10177 30000 3240
1 0 110 110 40 100
2 0 110 110 40 100
3 0 110 110 40 100
4 0 108 108 40 100
5 0 106 106 40 100
6 0 102 102 40 100
7 0 97 97 40 100
8 0 91 91 40 100
9 0 84 84 40 100
10 0 76 76 40 100
11 0 66 66 40 100
12 0 55 55 40 100
13 0 44 44 40 100
14 0 30 30 40 100
15 0 16 16 40 100
16 0 0 0 40 100
16 5000000 1 -1 1 0 530 900 1 1 0 -9957 10202 30000 3240
1 0 74 74 40 100
2 0 76 76 40 100
3 0 78 78 40 100
4 0 78 78 40 100
5 0 78 78 40 100
6 0 76 76 40 100
7 0 74 74 40 100
8 0 70 70 40 100
9 0 65 65 40 100
10 0 60 60 40 100
11 0 53 53 40 100
12 0 45 45 40 100
13 0 35 35 40 100
14 0 25 25 40 100
15 0 13 13 40 100
16 0 0 0 40 100
16 5000000 1 -1 1 0 540 900 1 1 0 -9825 10230 30000 3240
1 0 38 38 40 100
2 0 43 43 40 100
3 0 46 46 40 100
4 0 49 49 40 100
5 0 51 51 40 100
6 0 51 51 40 100
7 0 51 51 40 100
8 0 50 50 40 100
9 0 47 47 40 100
10 0 44 44 40 100
11 0 39 39 40 100
12 0 34 34 40 100
13 0 27 27 40 100
14 0 19 19 40 100
15 0 10 10 40 100
16 0 0 0 40 100
16 5000000 1 -1 1 0 550 900 1 1 0 -9694 10257 30000 3240
1 0 4 4 40 100
2 0 10 10 40 100
3 0 15 15 40 100
4 0 20 20 40 100
5 0 24 24 40 100
6 0 27 27 40 100
7 0 29 29 40 100
8 0 29 29 40 100
9 0 29 29 40 100
10 0 28 28 40 100
11 0 26 26 40 100
12 0 23 23 40 100
13 0 19 19 40 100
14 0 14 14 40 100
15 0 7 7 40 100
16 0 0 0 40 100
16 5000000 1 -1 1 0 560 900 1 1 0 -9564 10348 30000 3240
1 0 0 0 40 100
2 0 8 8 40 100
3 0 16 16 40 100
4 0 22 22 40 100
5 0 28 28 40 100
6 0 33 33 40 100
7 0 37 37 40 100
8 0 40 40 40 100
9 0 43 43 40 100
10 0 44 44 40 100
11 0 44 44 40 100
12 0 43 43 40 100
13 0 42 42 40 100
14 0 39 39 40 100
15 0 35 35 40 100
16 0 31 31 40 100
16 5000000 1 -1 1 0 570 900 1 1 0 -9434 10445 30000 3240
1 0 0 0 40 100
2 0 10 10 40 100
3 0 19 19 40 100
4 0 28 28 40 100
5 0 36 36 40 100
6 0 43 43 40 100
7 0 49 49 40 100
8 0 54 54 40 100
9 0 59 59 40 100
10 0 62 62 40 100
11 0 65 65 40 100
12 0 67 67 40 100
13 0 68 68 40 100
14 0 68 68 40 100
15 0 66 66 40 100
16 0 64 64 40 100
16 5000000 1 -1 1 0 580 900 1 1 0 -9305 10542 30000 3240
1 0 0 0 40 100
2 0 12 12 40 100
3 0 23 23 40 100
4 0 34 34 40 100
5 0 43 43 40 100
6 0 52 52 40 100
7 0 61 61 40 100
8 0 68 68 40 100
9 0 75 75 40 100
10 0 81 81 40 100
11 0 86 86 40 100
12 0 90 90 40 100
13 0 93 93 40 100
14 0 95 95 40 100
15 0 97 97 40 100
16 0 97 97 40 100
16 5000000 1 -1 1 0 590 900 1 1 0 -9177 10638 30000 3240
1 0 0 0 40 100
2 0 14 14 40 100
3 0 27 27 40 100
4 0 39 39 40 100
5 0 51 51 40 100
6 0 62 62 40 100
7 0 72 72 40 100
8 0 82 82 40 100
9 0 90 90 40 100
10 0 98 98 40 100
11 0 106 106 40 100
12 0 112 112 40 100
13 0 118 118 40 100
14 0 122 122 40 100
15 0 126 126 40 100
16 0 129 129 40 100
16 5000000 1 -1 1 0 600 900 1 1 0 -9051 10734 30000 3240
1 0 0 0 40 100
2 0 15 15 40 100
3 0 30 30 40 100
4 0 45 45 40 100
5 0 58 58 40 100
6 0 71 71 40 100
7 0 83 83 40 100
8 0 95 95 40 100
9 0 106 106 40 100
10 0 116 116 40 100
11 0 125 125 40 100
12 0 134 134 40 100
13 0 142 142 40 100
14 0 149 149 40 100
15 0 155 155 40 100
16 0 161 161 40 100
16 5000000 1 -1 1 0 610 900 1 1 0 -8925 10830 30000 3240
1 0 0 0 40 100
2 0 17 17 40 100
3 0 34 34 40 100
4 0 50 50 40 100
5 0 65 65 40 100
6 0 80 80 40 100
7 0 94 94 40 100
8 0 108 108 40 100
9 0 121 121 40 100
10 0 133 133 40 100
11 0 145 145 40 100
12 0 155 155 40 100
13 0 166 166 40 100
14 0 175 175 40 100
15 0 184 184 40 100
16 0 192 192 40 100
16 5000000 1 -1 1 0 620 900 1 1 0 -8802 10923 30000 3240
1 0 0 0 40 100
2 0 19 19 40 100
3 0 37 37 40 100
4 0 55 55 40 100
5 0 72 72 40 100
6 0 89 89 40 100
7 0 105 105 40 100
8 0 120 120 40 100
9 0 135 135 40 100
10 0 150 150 40 100
11 0 163 163 40 100
12 0 176 176 40 100
13 0 189 189 40 100
14 0 200 200 40 100
15 0 211 211 40 100
16 0 222 222 40 100
16 5000000 1 -1 1 0 630 900 1 1 0 -8680 11016 30000 3240
1 0 0 0 40 100
2 0 20 20 40 100
3 0 40 40 40 100
4 0 60 60 40 100
5 0 79 79 40 100
6 0 97 97 40 100
7 0 115 115 40 100
8 0 133 133 40 100
9 0 149 149 40 100
10 0 166 166 40 100
11 0 181 181 40 100
12 0 196 196 40 100
13 0 211 211 40 100
14 0 225 225 40 100
15 0 238 238 40 100
16 0 251 251 40 100
16 5000000 1 -1 1 0 640 900 1 1 0 -8561 11107 30000 3240
1 0 0 0 40 100
2 0 22 22 40 100
3 0 44 44 40 100
4 0 65 65 40 100
5 0 85 85 40 100
6 0 106 106 40 100
7 0 125 125 40 100
8 0 144 144 40 100
9 0 163 163 40 100
10 0 181 181 40 100
11 0 199 199 40 100
12 0 216 216 40 100
13 0 233 233 40 100
14 0 249 249 40 100
15 0 264 264 40 100
16 0 279 279 40 100
16 5000000 1 -1 1 0 650 900 1 1 0 -8442 11199 30000 3240
1 0 0 0 40 100
2 0 24 24 40 100
3 0 47 47 40 100
4 0 69 69 40 100
5 0 92 92 40 100
6 0 114 114 40 100
7 0 135 135 40 100
8 0 156 156 40 100
9 0 177 177 40 100
10 0 197 197 40 100
11 0 216 216 40 100
12 0 235 235 40 100
13 0 254 254 40 100
14 0 272 272 40 100
15 0 290 290 40 100
16 0 307 307 40 100
16 5000000 1 -1 1 0 660 900 1 1 0 -8327 11287 30000 3240
1 0 0 0 40 100
2 0 25 25 40 100
3 0 50 50 40 100
4 0 74 74 40 100
5 0 98 98 40 100
6 0 121 121 40 100
7 0 144 144 40 100
8 0 167 167 40 100
9 0 189 189 40 100
10 0 211 211 40 100
11 0 233 233 40 100
12 0 254 254 40 100
13 0 274 274 40 100
14 0 294 294 40 100
15 0 314 314 40 100
16 0 333 333 40 100
16 5000000 1 -1 1 0 670 900 1 1 0 -8214 11375 30000 3240
1 0 0 0 40 100
2 0 26 26 40 100
3 0 53 53 40 100
4 0 78 78 40 100
5 0 104 104 40 100
6 0 129 129 40 100
7 0 154 154 40 100
8 0 178 178 40 100
9 0 202 202 40 100
10 0 226 226 40 100
11 0 249 249 40 100
12 0 272 272 40 100
13 0 294 294 40 100
14 0 316 316 40 100
15 0 338 338 40 100
16 0 359 359 40 100
16 5000000 1 -1 1 0 680 900 1 1 0 -8104 11460 30000 3240
1 0 0 0 40 100
2 0 28 28 40 100
3 0 55 55 40 100
4 0 83 83 40 100
5 0 110 110 40 100
6 0 136 136 40 100
7 0 163 163 40 100
8 0 188 188 40 100
9 0 214 214 40 100
10 0 239 239 40 100
11 0 264 264 40 100
12 0 289 289 40 100
13 0 313 313 40 100
14 0 337 337 40 100
15 0 361 361 40 100
16 0 384 384 40 100
16 5000000 1 -1 1 0 690 900 1 1 0 -7996 11545 30000 3240
1 0 0 0 40 100
2 0 29 29 40 100
3 0 58 58 40 100
4 0 87 87 40 100
5 0 115 115 40 100
6 0 143 143 40 100
7 0 171 171 40 100
8 0 199 199 40 100
9 0 226 226 40 100
10 0 253 253 40 100
11 0 279 279 40 100
12 0 306 306 40 100
13 0 332 332 40 100
14 0 357 357 40 100
15 0 383 383 40 100
16 0 408 408 40 100
16 5000000 1 -1 1 0 700 900 1 1 0 -7891 11625 30000 3240
1 0 0 0 40 100
2 0 30 30 40 100
3 0 61 61 40 100
4 0 91 91 40 100
5 0 121 121 40 100
6 0 150 150 40 100
7 0 179 179 40 100
8 0 208 208 40 100
9 0 237 237 40 100
10 0 266 266 40 100
11 0 294 294 40 100
12 0 322 322 40 100
13 0 349 349 40 100
14 0 377 377 40 100
15 0 404 404 40 100
16 0 431 431 40 100
16 5000000 1 -1 1 0 710 900 1 1 0 -7790 11705 30000 3240
1 0 0 0 40 100
2 0 32 32 40 100
3 0 63 63 40 100
4 0 95 95 40 100
5 0 126 126 40 100
6 0 157 157 40 100
7 0 187 187 40 100
8 0 218 218 40 100
9 0 248 248 40 100
10 0 278 278 40 100
11 0 308 308 40 100
12 0 337 337 40 100
13 0 366 366 40 100
14 0 395 395 40 100
15 0 424 424 40 100
16 0 453 453 40 100
16 5000000 1 -1 1 0 720 900 1 1 0 -7692 11781 30000 3240
1 0 0 0 40 100
2 0 33 33 40 100
3 0 66 66 40 100
4 0 98 98 40 100
5 0 131 131 40 100
6 0 163 163 40 100
7 0 195 195 40 100
8 0 227 227 40 100
9 0 258 258 40 100
10 0 290 290 40 100
11 0 321 321 40 100
12 0 352 352 40 100
13 0 383 383 40 100
14 0 413 413 40 100
15 0 444 444 40 100
16 0 474 474 40 100

Generated by Calculator 1.0R37
