V5.0 37
16 5000000 1 -1 1 0 360 2700 33 33 0 14398 9993 50000 5890
1 0 1489 1489 40 100
2 0 1393 1393 40 100
3 0 1297 1297 40 100
4 0 1201 1201 40 100
5 0 1104 1104 40 100
6 0 1006 1006 40 100
7 0 908 908 40 100
8 0 810 810 40 100
9 0 710 710 40 100
10 0 611 611 40 100
11 0 510 510 40 100
12 0 409 409 40 100
13 0 308 308 40 100
14 0 206 206 40 100
15 0 103 103 40 100
16 0 0 0 40 100
16 5000000 1 -1 1 0 370 2700 33 33 0 14340 9983 50000 5890
1 0 1468 1468 40 100
2 0 1374 1374 40 100
3 0 1279 1279 40 100
4 0 1184 1184 40 100
5 0 1088 1088 40 100
6 0 992 992 40 100
7 0 895 895 40 100
8 0 798 798 40 100
9 0 700 700 40 100
10 0 602 602 40 100
11 0 503 503 40 100
12 0 404 404 40 100
13 0 304 304 40 100
14 0 203 203 40 100
15 0 102 102 40 100
16 0 0 0 40 100
16 5000000 1 -1 1 0 380 2700 33 33 0 14282 9974 50000 5890
1 0 1448 1448 40 100
2 0 1355 1355 40 100
3 0 1262 1262 40 100
4 0 1168 1168 40 100
5 0 1073 1073 40 100
6 0 978 978 40 100
7 0 883 883 40 100
8 0 787 787 40 100
9 0 690 690 40 100
10 0 593 593 40 100
11 0 496 496 40 100
12 0 398 398 40 100
13 0 299 299 40 100
14 0 200 200 40 100
15 0 100 100 40 100
16 0 0 0 40 100
16 5000000 1 -1 1 0 390 2700 33 33 0 14226 9966 50000 5890
1 0 1428 1428 40 100
2 0 1336 1336 40 100
3 0 1244 1244 40 100
4 0 1151 1151 40 100
5 0 1058 1058 40 100
6 0 965 965 40 100
7 0 870 870 40 100
8 0 776 776 40 100
9 0 681 681 40 100
10 0 585 585 40 100
11 0 489 489 40 100
12 0 392 392 40 100
13 0 295 295 40 100
14 0 197 197 40 100
15 0 99 99 40 100
16 0 0 0 40 100
16 5000000 1 -1 1 0 400 2700 33 33 0 14169 9957 50000 5890
1 0 1408 1408 40 100
2 0 1318 1318 40 100
3 0 1227 1227 40 100
4 0 1135 1135 40 100
5 0 1043 1043 40 100
6 0 951 951 40 100
7 0 858 858 40 100
8 0 765 765 40 100
9 0 671 671 40 100
10 0 577 577 40 100
11 0 482 482 40 100
12 0 386 386 40 100
13 0 291 291 40 100
14 0 194 194 40 100
15 0 97 97 40 100
16 0 0 0 40 100
16 5000000 1 -1 1 0 410 2700 33 33 0 14113 9948 50000 5890
1 0 1389 1389 40 100
2 0 1299 1299 40 100
3 0 1210 1210 40 100
4 0 1119 1119 40 100
5 0 1029 1029 40 100
6 0 938 938 40 100
7 0 846 846 40 100
8 0 754 754 40 100
9 0 661 661 40 100
10 0 568 568 40 100
11 0 475 475 40 100
12 0 381 381 40 100
13 0 286 286 40 100
14 0 191 191 40 100
15 0 96 96 40 100
16 0 0 0 40 100
16 5000000 1 -1 1 0 420 2700 33 33 0 14058 9941 50000 5890
1 0 1369 1369 40 100
2 0 1281 1281 40 100
3 0 1193 1193 40 100
4 0 1104 1104 40 100
5 0 1014 1014 40 100
6 0 924 924 40 100
7 0 834 834 40 100
8 0 743 743 40 100
9 0 652 652 40 100
10 0 560 560 40 100
11 0 468 468 40 100
12 0 375 375 40 100
13 0 282 282 40 100
14 0 189 189 40 100
15 0 95 95 40 100
16 0 0 0 40 100
16 5000000 1 -1 1 0 430 2700 33 33 0 14004 9932 50000 5890
1 0 1350 1350 40 100
2 0 1263 1263 40 100
3 0 1176 1176 40 100
4 0 1088 1088 40 100
5 0 1000 1000 40 100
6 0 911 911 40 100
7 0 822 822 40 100
8 0 732 732 40 100
9 0 642 642 40 100
10 0 552 552 40 100
11 0 461 461 40 100
12 0 370 370 40 100
13 0 278 278 40 100
14 0 186 186 40 100
15 0 93 93 40 100
16 0 0 0 40 100
16 5000000 1 -1 1 0 440 2700 33 33 0 13949 9926 50000 5890
1 0 1331 1331 40 100
2 0 1245 1245 40 100
3 0 1159 1159 40 100
4 0 1073 1073 40 100
5 0 985 985 40 100
6 0 898 898 40 100
7 0 810 810 40 100
8 0 722 722 40 100
9 0 633 633 40 100
10 0 544 544 40 100
11 0 454 454 40 100
12 0 364 364 40 100
13 0 274 274 40 100
14 0 183 183 40 100
15 0 92 92 40 100
16 0 0 0 40 100
16 5000000 1 -1 1 0 450 2700 33 33 0 13896 9919 50000 5890
1 0 1313 1313 40 100
2 0 1228 1228 40 100
3 0 1143 1143 40 100
4 0 1057 1057 40 100
5 0 971 971 40 100
6 0 885 885 40 100
7 0 798 798 40 100
8 0 711 711 40 100
9 0 624 624 40 100
10 0 536 536 40 100
11 0 448 448 40 100
12 0 359 359 40 100
13 0 270 270 40 100
14 0 180 180 40 100
15 0 90 90 40 100
16 0 0 0 40 100
16 5000000 1 -1 1 0 460 2700 33 33 0 13844 9912 50000 5890
1 0 1294 1294 40 100
2 0 1211 1211 40 100
3 0 1127 1127 40 100
4 0 1042 1042 40 100
5 0 958 958 40 100
6 0 872 872 40 100
7 0 787 787 40 100
8 0 701 701 40 100
9 0 615 615 40 100
10 0 528 528 40 100
11 0 441 441 40 100
12 0 354 354 40 100
13 0 266 266 40 100
14 0 178 178 40 100
15 0 89 89 40 100
16 0 0 0 40 100
16 5000000 1 -1 1 0 470 2700 33 33 0 13792 9906 50000 5890
1 0 1276 1276 40 100
2 0 1194 1194 40 100
3 0 1111 1111 40 100
4 0 1027 1027 40 100
5 0 944 944 40 100
6 0 860 860 40 100
7 0 776 776 40 100
8 0 691 691 40 100
9 0 606 606 40 100
10 0 520 520 40 100
11 0 435 435 40 100
12 0 349 349 40 100
13 0 262 262 40 100
14 0 175 175 40 100
15 0 88 88 40 100
16 0 0 0 40 100
16 5000000 1 -1 1 0 480 2700 33 33 0 13740 9900 50000 5890
1 0 1258 1258 40 100
2 0 1177 1177 40 100
3 0 1095 1095 40 100
4 0 1013 1013 40 100
5 0 930 930 40 100
6 0 848 848 40 100
7 0 764 764 40 100
8 0 681 681 40 100
9 0 597 597 40 100
10 0 513 513 40 100
11 0 428 428 40 100
12 0 343 343 40 100
13 0 258 258 40 100
14 0 172 172 40 100
15 0 86 86 40 100
16 0 0 0 40 100
16 5000000 1 -1 1 0 490 2700 33 33 0 13690 9894 50000 5890
1 0 1241 1241 40 100
2 0 1160 1160 40 100
3 0 1080 1080 40 100
4 0 999 999 40 100
5 0 917 917 40 100
6 0 835 835 40 100
7 0 753 753 40 100
8 0 671 671 40 100
9 0 588 588 40 100
10 0 505 505 40 100
11 0 422 422 40 100
12 0 338 338 40 100
13 0 254 254 40 100
14 0 170 170 40 100
15 0 85 85 40 100
16 0 0 0 40 100
16 5000000 1 -1 1 0 500 2700 33 33 0 13641 9889 50000 5890
1 0 1224 1224 40 100
2 0 1144 1144 40 100
3 0 1065 1065 40 100
4 0 985 985 40 100
5 0 904 904 40 100
6 0 824 824 40 100
7 0 743 743 40 100
8 0 661 661 40 100
9 0 580 580 40 100
10 0 498 498 40 100
11 0 416 416 40 100
12 0 333 333 40 100
13 0 251 251 40 100
14 0 167 167 40 100
15 0 84 84 40 100
16 0 0 0 40 100
16 5000000 1 -1 1 0 510 2700 33 33 0 13592 9883 50000 5890
1 0 1207 1207 40 100
2 0 1128 1128 40 100
3 0 1050 1050 40 100
4 0 971 971 40 100
5 0 891 891 40 100
6 0 812 812 40 100
7 0 732 732 40 100
8 0 652 652 40 100
9 0 571 571 40 100
10 0 491 491 40 100
11 0 410 410 40 100
12 0 328 328 40 100
13 0 247 247 40 100
14 0 165 165 40 100
15 0 83 83 40 100
16 0 0 0 40 100
16 5000000 1 -1 1 0 520 2700 33 33 0 13544 9879 50000 5890
1 0 1190 1190 40 100
2 0 1113 1113 40 100
3 0 1035 1035 40 100
4 0 957 957 40 100
5 0 879 879 40 100
6 0 800 800 40 100
7 0 722 722 40 100
8 0 643 643 40 100
9 0 563 563 40 100
10 0 484 484 40 100
11 0 404 404 40 100
12 0 324 324 40 100
13 0 243 243 40 100
14 0 162 162 40 100
15 0 81 81 40 100
16 0 0 0 40 100
16 5000000 1 -1 1 0 530 2700 33 33 0 13497 9874 50000 5890
1 0 1174 1174 40 100
2 0 1097 1097 40 100
3 0 1021 1021 40 100
4 0 944 944 40 100
5 0 867 867 40 100
6 0 789 789 40 100
7 0 711 711 40 100
8 0 633 633 40 100
9 0 555 555 40 100
10 0 477 477 40 100
11 0 398 398 40 100
12 0 319 319 40 100
13 0 240 240 40 100
14 0 160 160 40 100
15 0 80 80 40 100
16 0 0 0 40 100
16 5000000 1 -1 1 0 540 2700 33 33 0 13450 9870 50000 5890
1 0 1158 1158 40 100
2 0 1082 1082 40 100
3 0 1007 1007 40 100
4 0 931 931 40 100
5 0 854 854 40 100
6 0 778 778 40 100
7 0 701 701 40 100
8 0 624 624 40 100
9 0 547 547 40 100
10 0 470 470 40 100
11 0 392 392 40 100
12 0 314 314 40 100
13 0 236 236 40 100
14 0 158 158 40 100
15 0 79 79 40 100
16 0 0 0 40 100
16 5000000 1 -1 1 0 550 2700 33 33 0 13405 9867 50000 5890
1 0 1142 1142 40 100
2 0 1068 1068 40 100
3 0 993 993 40 100
4 0 918 918 40 100
5 0 843 843 40 100
6 0 767 767 40 100
7 0 692 692 40 100
8 0 616 616 40 100
9 0 540 540 40 100
10 0 463 463 40 100
11 0 387 387 40 100
12 0 310 310 40 100
13 0 233 233 40 100
14 0 155 155 40 100
15 0 78 78 40 100
16 0 0 0 40 100
16 5000000 1 -1 1 0 560 2700 33 33 0 13360 9863 50000 5890
1 0 1127 1127 40 100
2 0 1053 1053 40 100
3 0 979 979 40 100
4 0 905 905 40 100
5 0 831 831 40 100
6 0 757 757 40 100
7 0 682 682 40 100
8 0 607 607 40 100
9 0 532 532 40 100
10 0 457 457 40 100
11 0 381 381 40 100
12 0 305 305 40 100
13 0 229 229 40 100
14 0 153 153 40 100
15 0 77 77 40 100
16 0 0 0 40 100
16 5000000 1 -1 1 0 570 2700 33 33 0 13317 9860 50000 5890
1 0 1112 1112 40 100
2 0 1039 1039 40 100
3 0 966 966 40 100
4 0 893 893 40 100
5 0 820 820 40 100
6 0 746 746 40 100
7 0 673 673 40 100
8 0 599 599 40 100
9 0 525 525 40 100
10 0 450 450 40 100
11 0 376 376 40 100
12 0 301 301 40 100
13 0 226 226 40 100
14 0 151 151 40 100
15 0 76 76 40 100
16 0 0 0 40 100
16 5000000 1 -1 1 0 580 2700 33 33 0 13274 9855 50000 5890
1 0 1097 1097 40 100
2 0 1025 1025 40 100
3 0 953 953 40 100
4 0 881 881 40 100
5 0 809 809 40 100
6 0 736 736 40 100
7 0 663 663 40 100
8 0 590 590 40 100
9 0 517 517 40 100
10 0 444 444 40 100
11 0 370 370 40 100
12 0 297 297 40 100
13 0 223 223 40 100
14 0 149 149 40 100
15 0 74 74 40 100
16 0 0 0 40 100
16 5000000 1 -1 1 0 590 2700 33 33 0 13233 9852 50000 5890
1 0 1083 1083 40 100
2 0 1012 1012 40 100
3 0 941 941 40 100
4 0 870 870 40 100
5 0 798 798 40 100
6 0 726 726 40 100
7 0 654 654 40 100
8 0 582 582 40 100
9 0 510 510 40 100
10 0 438 438 40 100
11 0 365 365 40 100
12 0 293 293 40 100
13 0 220 220 40 100
14 0 147 147 40 100
15 0 73 73 40 100
16 0 0 0 40 100
16 5000000 1 -1 1 0 600 2700 33 33 0 13192 9850 50000 5890
1 0 1069 1069 40 100
2 0 999 999 40 100
3 0 929 929 40 100
4 0 858 858 40 100
5 0 788 788 40 100
6 0 717 717 40 100
7 0 646 646 40 100
8 0 575 575 40 100
9 0 503 503 40 100
10 0 432 432 40 100
11 0 360 360 40 100
12 0 289 289 40 100
13 0 217 217 40 100
14 0 145 145 40 100
15 0 72 72 40 100
16 0 0 0 40 100
16 5000000 1 -1 1 0 610 2700 33 33 0 13153 9848 50000 5890
1 0 1056 1056 40 100
2 0 986 986 40 100
3 0 917 917 40 100
4 0 847 847 40 100
5 0 777 777 40 100
6 0 707 707 40 100
7 0 637 637 40 100
8 0 567 567 40 100
9 0 497 497 40 100
10 0 426 426 40 100
11 0 356 356 40 100
12 0 285 285 40 100
13 0 214 214 40 100
14 0 143 143 40 100
15 0 71 71 40 100
16 0 0 0 40 100
16 5000000 1 -1 1 0 620 2700 33 33 0 13115 9845 50000 5890
1 0 1043 1043 40 100
2 0 974 974 40 100
3 0 905 905 40 100
4 0 837 837 40 100
5 0 768 768 40 100
6 0 698 698 40 100
7 0 629 629 40 100
8 0 560 560 40 100
9 0 490 490 40 100
10 0 421 421 40 100
11 0 351 351 40 100
12 0 281 281 40 100
13 0 211 211 40 100
14 0 141 141 40 100
15 0 70 70 40 100
16 0 0 0 40 100
16 5000000 1 -1 1 0 630 2700 33 33 0 13077 9843 50000 5890
1 0 1030 1030 40 100
2 0 962 962 40 100
3 0 894 894 40 100
4 0 826 826 40 100
5 0 758 758 40 100
6 0 690 690 40 100
7 0 621 621 40 100
8 0 553 553 40 100
9 0 484 484 40 100
10 0 415 415 40 100
11 0 346 346 40 100
12 0 277 277 40 100
13 0 208 208 40 100
14 0 139 139 40 100
15 0 70 70 40 100
16 0 0 0 40 100
16 5000000 1 -1 1 0 640 2700 33 33 0 13041 9841 50000 5890
1 0 1018 1018 40 100
2 0 951 951 40 100
3 0 883 883 40 100
4 0 816 816 40 100
5 0 749 749 40 100
6 0 681 681 40 100
7 0 614 614 40 100
8 0 546 546 40 100
9 0 478 478 40 100
10 0 410 410 40 100
11 0 342 342 40 100
12 0 274 274 40 100
13 0 206 206 40 100
14 0 137 137 40 100
15 0 69 69 40 100
16 0 0 0 40 100
16 5000000 1 -1 1 0 650 2700 33 33 0 13006 9839 50000 5890
1 0 1006 1006 40 100
2 0 939 939 40 100
3 0 873 873 40 100
4 0 806 806 40 100
5 0 740 740 40 100
6 0 673 673 40 100
7 0 606 606 40 100
8 0 539 539 40 100
9 0 472 472 40 100
10 0 405 405 40 100
11 0 338 338 40 100
12 0 270 270 40 100
13 0 203 203 40 100
14 0 135 135 40 100
15 0 68 68 40 100
16 0 0 0 40 100
16 5000000 1 -1 1 0 660 2700 33 33 0 12972 9838 50000 5890
1 0 994 994 40 100
2 0 929 929 40 100
3 0 863 863 40 100
4 0 797 797 40 100
5 0 731 731 40 100
6 0 665 665 40 100
7 0 599 599 40 100
8 0 533 533 40 100
9 0 467 467 40 100
10 0 400 400 40 100
11 0 334 334 40 100
12 0 267 267 40 100
13 0 200 200 40 100
14 0 134 134 40 100
15 0 67 67 40 100
16 0 0 0 40 100
16 5000000 1 -1 1 0 670 2700 33 33 0 12940 9837 50000 5890
1 0 983 983 40 100
2 0 918 918 40 100
3 0 853 853 40 100
4 0 788 788 40 100
5 0 723 723 40 100
6 0 657 657 40 100
7 0 592 592 40 100
8 0 527 527 40 100
9 0 461 461 40 100
10 0 395 395 40 100
11 0 330 330 40 100
12 0 264 264 40 100
13 0 198 198 40 100
14 0 132 132 40 100
15 0 66 66 40 100
16 0 0 0 40 100
16 5000000 1 -1 1 0 680 2700 33 33 0 12908 9835 50000 5890
1 0 973 973 40 100
2 0 908 908 40 100
3 0 844 844 40 100
4 0 779 779 40 100
5 0 715 715 40 100
6 0 650 650 40 100
7 0 585 585 40 100
8 0 521 521 40 100
9 0 456 456 40 100
10 0 391 391 40 100
11 0 326 326 40 100
12 0 261 261 40 100
13 0 196 196 40 100
14 0 131 131 40 100
15 0 65 65 40 100
16 0 0 0 40 100
16 5000000 1 -1 1 0 690 2700 33 33 0 12878 9834 50000 5890
1 0 962 962 40 100
2 0 899 899 40 100
3 0 835 835 40 100
4 0 771 771 40 100
5 0 707 707 40 100
6 0 643 643 40 100
7 0 579 579 40 100
8 0 515 515 40 100
9 0 451 451 40 100
10 0 387 387 40 100
11 0 322 322 40 100
12 0 258 258 40 100
13 0 194 194 40 100
14 0 129 129 40 100
15 0 65 65 40 100
16 0 0 0 40 100
16 5000000 1 -1 1 0 700 2700 33 33 0 12849 9833 50000 5890
1 0 953 953 40 100
2 0 890 890 40 100
3 0 826 826 40 100
4 0 763 763 40 100
5 0 700 700 40 100
6 0 636 636 40 100
7 0 573 573 40 100
8 0 510 510 40 100
9 0 446 446 40 100
10 0 383 383 40 100
11 0 319 319 40 100
12 0 255 255 40 100
13 0 192 192 40 100
14 0 128 128 40 100
15 0 64 64 40 100
16 0 0 0 40 100
16 5000000 1 -1 1 0 710 2700 33 33 0 12821 9832 50000 5890
1 0 943 943 40 100
2 0 881 881 40 100
3 0 818 818 40 100
4 0 756 756 40 100
5 0 693 693 40 100
6 0 630 630 40 100
7 0 567 567 40 100
8 0 504 504 40 100
9 0 442 442 40 100
10 0 379 379 40 100
11 0 316 316 40 100
12 0 253 253 40 100
13 0 190 190 40 100
14 0 126 126 40 100
15 0 63 63 40 100
16 0 0 0 40 100
16 5000000 1 -1 1 0 720 2700 33 33 0 12795 9832 50000 5890
1 0 934 934 40 100
2 0 872 872 40 100
3 0 810 810 40 100
4 0 748 748 40 100
5 0 686 686 40 100
6 0 624 624 40 100
7 0 562 562 40 100
8 0 500 500 40 100
9 0 437 437 40 100
10 0 375 375 40 100
11 0 312 312 40 100
12 0 250 250 40 100
13 0 188 188 40 100
14 0 125 125 40 100
15 0 63 63 40 100
16 0 0 0 40 100

Generated by Calculator 1.0R37
